  Station name                   Heighta.s.l.Country    Nordklim.numLatLatN  LonLonE      101   101E  111   111E  112   112E  113   113E  121   121E  122   122E  123   123E  401   401E  601   601E  602   602E  701   701E  801   801E

 1Hammerodde Fyr                 11          DK         6193        55 18 N  14 47 E     1890  1999  1890  1999  1890  1999              1890  1999  1890  1999              1890  1999  1890  1990  1890  1995  1890  1999  1890  1999
 2Vestervig                      18          DK         21100       56 46 N  08 19 E     1890  1999  1890  1999  1890  1999              1890  1999  1890  1999              1890  1990  1890  1990  1890  1995  1939  1999  1890  1999
 3Nordby                          5          DK         25140       55 26 N  08 24 E     1890  1999  1890  1999  1890  1999              1890  1999  1890  1999              1890  1990  1890  1990  1890  1995  1890  1999  1890  1999
 4Tranebjerg                     11          DK         27080       55 51 N  10 36 E     1890  1999  1890  1999  1890  1999              1890  1999  1890  1999                          1890  1990  1890  1995  1948  1999  1890  1999
 5Koebenhavn                      9          DK         30380       55 41 N  12 32 E     1890  1999  1890  1999  1890  1999              1890  1999  1890  1999                          1890  1990  1890  1995  1890  1999  1890  1999
 1Maarianhamina                   4          FIN        00001       60 07 N  19 54 E                 1908  1999  1908  1999  1908  1999  1908  1999  1908  1999  1908  1999
 2Helsinki                        4          FIN        00304       60 10 N  24 57 E     1890  1999  1882  1999  1882  1999  1882  1999  1882  1999  1882  1999  1882  1999  1890  1999  1890  1999  1882  1999  1937  1999  1890  1999
 3Turku                          51          FIN        01101       60 31 N  22 16 E     1890  1999  1903  1999  1903  1999  1903  1999  1903  1999  1903  1999  1903  1999              1909  1999  1891  1999  1937  1999  1955  1999
 4Huittinen                      60          FIN        01103       61 10 N  22 47 E                 1901  1997  1901  1997  1901  1997  1901  1997  1901  1997  1901  1997                          1894  1997
 5Tampere                        85          FIN        01202       61 28 N  23 45 E     1890  1999  1902  1999  1902  1999  1902  1999  1902  1999  1902  1999  1902  1999              1890  1999  1891  1999  1950  1999
 6Hattula                        88          FIN        01303       61 04 N  24 14 E                 1925  1999  1925  1999  1925  1999  1925  1999  1925  1999  1925  1999
 7Heinola                        100         FIN        01506       61 13 N  26 03 E                 1909  1999  1909  1999  1909  1999  1909  1999  1909  1999  1909  1999
 8Virolahti                      22          FIN        01601       60 32 N  27 33 E                                                                                                                 1894  1999
 9Lappeenranta                   105         FIN        01701       61 05 N  28 09 E     1890  1999  1906  1999  1906  1999  1906  1999  1906  1999  1906  1999  1906  1999              1890  1999  1886  1999  1957  1999  1958  1999
10Lavia                          60          FIN        02104       61 37 N  22 33 E                                                                                                                 1903  1999
11Virrat                         128         FIN        02211       61 13 N  23 50 E                                                                                                                 1909  1999
12Orivesi                        89          FIN        02306       61 33 N  24 32 E                                                                                                                 1891  1999
13Jyvaeskylae                    137         FIN        02425       62 12 N  25 43 E     1890  1999  1902  1999  1902  1999  1902  1999  1902  1999  1902  1999  1902  1999              1890  1999  1891  1999
14Vaasa                           4          FIN        03001       63 03 N  21 46 E                 1908  1995  1908  1995  1908  1995  1908  1995  1908  1995  1908  1995
15Ylistaro                       26          FIN        03101       62 56 N  22 30 E                 1928  1999  1928  1999  1928  1999  1928  1999  1928  1999  1928  1999
16Aehtaeri                       157         FIN        03301       62 32 N  24 13 E                 1910  1999  1910  1999  1910  1999  1910  1999  1910  1999  1910  1999
17Kuopio                         119         FIN        03602       62 54 N  27 41 E     1890  1998  1902  1998  1902  1998  1902  1998  1902  1998  1902  1998  1902  1998              1890  1998  1891  1998  1957  1998
18Maaninka                       88          FIN        03603       63 09 N  27 19 E                 1930  1999  1930  1999  1930  1999  1930  1999  1930  1999  1930  1999
19Joensuu                        116         FIN        03801       62 40 N  29 38 E                 1933  1999  1933  1999  1933  1999  1933  1999  1933  1999  1933  1999
20Kestilä                        95          FIN        04509       64 21 N  26 17 E                                                                                                                 1909  1999
21Kajaani                        132         FIN        04601       64 17 N  27 40 E     1890  1999  1903  1999  1903  1999  1903  1999  1903  1999  1903  1999  1903  1999              1890  1999  1886  1999  1937  1999  1957  1999
22Oulu                           13          FIN        05404       65 02 N  25 29 E     1890  1996  1905  1996  1905  1996  1905  1996  1905  1996  1905  1996  1905  1996  1890  1990  1890  1996  5404  1996
23Yli-Ii                         45          FIN        05407       65 22 N  25 51 E                                                                                                                 1912  1999
24Pudasjärvi                     220         FIN        05605       65 06 N  27 32 E                                                                                                                 1909  1999
25Kuusamo                        263         FIN        06801       65 59 N  29 13 E     1908  1999  1908  1999  1908  1999  1908  1999  1908  1999  1908  1999  1908  1999              1908  1999  1908  1999  1937  1999
26Sodankylae                     179         FIN        07501       67 22 N  26 39 E     1908  1999  1908  1999  1908  1999  1908  1999  1908  1999  1908  1999  1908  1999  1908  1999  1908  1999  1908  1999  1937  1999  1908  1999
 1Torshavn                       43          FR         06011       62 01 N  06 46 W     1890  1999  1890  1999  1890  1999              1890  1999  1890  1999              1890  1999  1890  1999  1890  1999  1939  1999  1890  1999
 1Stykkisholmur                   8          IS         04013       65 05 N  22 44 W     1890  1999  1952  1999  1952  1999  1952  1999  1952  1999  1952  1999  1952  1999  1890  1999  1890  1999  1890  1999  1965  1999  1890  1999
 2Reykjavik                      52          IS         04030       64 08 N  21 54 W     1870  1999  1949  1999  1949  1999  1949  1999  1949  1999  1949  1999  1949  1999  1920  1999  1920  1999  1924  1999  1965  1999  1991  1999
 3Vestmannaeyar                  118         IS         04048       63 24 N  20 17 W     1878  1999  1949  1999  1949  1999  1949  1999  1949  1999  1949  1999  1949  1999  1890  1999  1890  1999  1890  1999  1924  1999  1890  1999
 4Akureyri                       23          IS         04063       65 41 N  18 05 W     1882  1999  1949  1999  1949  1999  1949  1999  1949  1999  1949  1999  1949  1999  1890  1999  1928  1999  1925  1999  1924  1999  1991  1999
 5Teigarhorn                     14          IS         04092       64 18 N  15 12 W     1890  1999  1965  1999  1965  1999  1965  1999  1965  1999  1965  1999  1965  1999  1890  1999  1890  1999  1890  1999  1924  1999  1890  1999
 1Halden                          8           N         1230        59 07 N  11 23 E                                                                                                     1895  1999  1895  1999
 2Skjaak                         432          N         15660       61 54 N  08 10 E                                                                                                     1896  1999  1896  1999
 3Kjoeremsgrendi                 626          N         16740       62 06 N  09 03 E     1890  1999  1931  1999  1931  1999              1876  1999  1890  1999              1890  1999              1890  1999  1931  1999  1890  1999
 4Oslo-Blindern                  94           N         18700       59 57 N  10 43 E     1890  1999  1937  1999  1890  1999              1876  1999  1890  1999              1890  1999  1895  1999  1890  1999  1901  1999  1890  1999
 5Reinli                         628          N         22840       60 50 N  09 30 E                                                                                                     1895  1999  1895  1997
 6Nesbyen                        167          N         24880       60 34 N  09 07 E     1897  1999  1954  1999  1954  1999              1897  1999  1897  1999              1990  1999              1897  1999  1901  1999  1895  1999
 7Ferder Fyr                      6           N         27500       59 02 N  10 32 E     1890  1999  1931  1999  1931  1999              1885  1999  1890  1999              1890  1999              1890  1999              1890  1999
 8Oksoey Fyr                      9           N         39100       58 04 N  08 03 E     1890  1999  1931  1999  1931  1999              1876  1999  1890  1999              1890  1999              1890  1999  1938  1999  1890  1999
 9Mestad                         151          N         39220       58 13 N  07 54 E                                                                                                     1900  1999  1900  1999
10Nedstrand                      10           N         47020       59 21 N  05 48 E                                                                                                     1895  1999  1895  1999
11Utsira Fyr                     55           N         47300       59 18 N  04 53 E     1890  1999  1931  1999  1931  1999              1876  1999  1890  1999              1921  1999              1920  1999  1945  1999  1890  1999
12Bergen-Florida                 12           N         50540       60 23 N  05 20 E     1890  1999  1904  1999  1890  1999              1890  1999  1890  1999              1890  1999  1895  1999  1890  1999  1906  1999  1890  1999
13Laerdal                        36           N         54120       61 04 N  07 31 E     1890  1999  1953  1999  1953  1999              1876  1999  1890  1999              1890  1999              1890  1996  1945  1999  1890  1999
14Vetti                          329          N         54900       61 00 N  07 01 E                                                                                                     1895  1995  1895  1996
15Oerskog                         4           N         60800       62 29 N  06 49 E                                                                                                     1895  1999  1895  1999
16Ona                            13           N         62480       62 52 N  06 32 E     1890  1999  1931  1999  1931  1999              1876  1999  1890  1999              1926  1999              1919  1999  1945  1999  1890  1999
17Lien I Selbu                   255          N         68330       63 13 N  11 07 E                                                                                                     1895  1999  1895  1999
18Vaernes/Trondheim              12           N         69100       63 28 N  12 56 E     1890  1999              1890  1999                          1890  1999              1890  1999              1890  1999              1890  1999
19Ship "M"                        0           N         76900       66 00 N  02 00 E     1949  1999  1949  1999  1949  1999              1949  1999  1949  1999              1949  1999                                      1949  1999
20Glomfjord                      39           N         80700       66 49 N  13 59 E     1890  1999  1957  1999  1957  1999              1957  1999  1957  1999                          1895  1999  1990  1999              1990  1999
21Bodoe                          11           N         82290       67 16 N  14 26 E                             1890  1995                          1890  1995              1890  1999                                      1890  1999
22Kraakmo                        76           N         83500       67 48 N  15 59 E                                                                                                     1895  1999  1895  1999
23Tromsoe                        100          N         90450       69 39 N  18 56 E     1890  1999  1931  1999  1931  1999              1876  1999  1890  1999              1890  1999  1890  1999  1890  1999  1901  1999  1890  1999
24Karasjok                       129          N         97250       69 28 N  25 31 E     1890  1999  1950  1999  1950  1999              1877  1999  1890  1999              1890  1999  1895  1999  1890  1999  1901  1999  1890  1999
25Vardoe                         14           N         98550       70 22 N  31 05 E     1890  1999  1931  1999  1931  1999              1876  1999  1890  1999              1890  1999              1893  1999  1901  1999  1890  1999
26Bjoernsund                     28           N         99450       69 27 N  30 04 E                                                                                                     1895  1999  1895  1999
27Bjoernoeya                     16           N         99710       74 31 N  19 01 E     1920  1999  1937  1999  1937  1999              1921  1999  1921  1999              1920  1999  1920  1999  1926  1999              1920  1999
28Svalbard Lufthavn              28           N         99840       78 15 N  15 28 E     1911  1999              1957  1999                          1957  1999              1934  1999  1975  1999  1957  1999  1975  1999  1975  1999
29Jan_Mayen                      10           N         99950       70 56 N  08 40 W     1921  1999  1937  1999  1937  1999              1921  1999  1921  1999              1921  1999  1921  1999  1922  1999              1921  1999
 1Falsterbo                       5           S         5223        55 23 N  12 49 E     1890  1999
 2Lund                           50           S         5343        55 42 N  13 12 E                                                                                                                 1885  1999
 3Halmstad                       25           S         6240        56 40 N  12 55 E     1890  1999                                                                                      1890  1999  1885  1999
 4Havraryd                       185          S         6348        56 47 N  13 08 E                                                                                                     1912  1999
 5Vaexjoe                        166          S         6452        56 52 N  14 48 E     1890  1999  1873  1999  1885  1999  1885  1999  1873  1999  1885  1999  1885  1999              1890  1999  1873  1999  1900  1999  1890  1999
 6Kalmar                         15           S         6641        56 43 N  16 17 E     1890  1999                                                                          1890  1999  1890  1999  1885  1999
 7Hoburg                         38           S         6855        56 55 N  18 08 E     1890  1999                                                                                      1890  1999
 8Vinga                          19           S         7138        57 38 N  11 36 E     1890  1997                                                                                      1890  1997
 9Goeteborg                      20           S         7147        57 46 N  11 53 E     1890  1999  1881  1999  1885  1999  1885  1999  1881  1999  1885  1999  1885  1999  1890  1999  1890  1999  1881  1999  1900  1999  1890  1999
10Boraas                         135          S         7245        57 46 N  12 56 E     1890  1999                                                                                      1890  1999
11Krokshult                      130          S         7623        57 23 N  16 05 E                                                                                                     1912  1999
12Vaestervik                     33           S         7647        57 43 N  16 28 E                             1885  1995  1885  1995              1885  1995  1885  1995                          1885  1999
13Oelands Norra Udde              4           S         7722        57 22 N  17 06 E     1890  1999                                                                                      1890  1999
14Visby                          42           S         7840        57 40 N  18 20 E     1890  1999  1879  1999  1885  1999  1885  1999  1879  1999  1885  1999  1885  1999  1890  1999  1890  1999  1879  1999  1900  1999  1890  1999
15Haavelund                      100          S         8157        58 56 N  11 26 E                                                                                                     1911  1999
16Vaenersborg                    50           S         8223        58 21 N  12 22 E                                                                                                     1890  1999
17Linköping                      93           S         8524        58 40 N  15 32 E                                                                                                                 1885  1999
18Aalberga                       25           S         8645        58 44 N  16 33 E                                                                                                     1890  1999
19Landsort                       13           S         8745        58 44 N  17 52 E     1890  1999                                                                                      1890  1999
20Gotska Sandoen                 12           S         8924        58 23 N  19 11 E     1890  1999                                                                                      1890  1999
21Karlstad                       46           S         9322        59 21 N  13 28 E     1890  1999  1881  1999  1885  1999  1885  1999  1881  1999  1885  1999  1885  1999              1890  1999  1881  1999  1900  1999  1890  1997
22Vaesteraas                      6           S         9635        59 35 N  16 37 E                                                                                                                 1885  1999
23Lisjoe                         60           S         9642        59 42 N  16 04 E                                                                                                     1890  1999
24Uppsala                        13           S         9752        59 51 N  17 37 E     1890  1999                                                                          1890  1999  1890  1999              1890  1999  1890  1999
25Stockholm                      44           S         9821        59 20 N  18 03 E     1890  1999  1873  1999  1885  1999  1885  1999  1873  1999  1885  1999  1885  1999              1890  1999  1873  1999  1900  1999  1890  1999
26Svenksa Hoegarna               12           S         9927        59 26 N  19 30 E     1890  1999                                                                                      1890  1999
27Malung                         308          S         10341       60 42 N  13 41 E                                                                                                     1890  1990
28Graengesberg                   315          S         10505       60 04 N  14 59 E                                                                                                     1901  1999
29Falun                          160          S         10537       60 37 N  15 37 E     1890  1999  1875  1999  1885  1999  1885  1999  1875  1999  1885  1999  1885  1999              1890  1999  1875  1999  1900  1999  1890  1997
30Sveg                           360          S         12402       62 01 N  14 21 E     1890  1999              1885  1999  1885  1999              1885  1999  1885  1999              1890  1999  1885  1999
31Soesjoe                        430          S         12546       62 46 N  15 29 E                                                                                                     1915  1999
32Sidsjoe                        60           S         12722       62 23 N  17 17 E                                                                                                     1890  1999
33Haernoesand                     8           S         12738       62 37 N  17 56 E     1890  1999  1879  1999  1885  1999  1885  1999  1879  1999  1885  1999  1885  1999  1890  1999  1890  1999  1879  1999  1900  1999  1890  1999
34Oestersund                     376          S         13411       63 11 N  14 29 E     1890  1999  1875  1999  1885  1999  1885  1999  1875  1999  1885  1999  1885  1999              1890  1999  1875  1999  1900  1999  1890  1999
35Junsele                        210          S         13642       63 41 N  16 52 E                                                                                                     1890  1999
36Holmoegadd                      6           S         14036       63 35 N  20 45 E     1890  1999                                                                                      1890  1999
37Leipikvattnet                  475          S         14456       64 55 N  14 09 E                                                                                                     1914  1999
38Loevaanger                     21           S         15122       64 22 N  21 19 E                                                                                                     1890  1999
39Taernaby/Hemavan               475          S         15594       65 49 N  15 05 E     1901  1999                                                                                      1890  1999
40Stensele                       325          S         15772       65 04 N  17 09 E     1890  1999  1885  1999  1885  1999  1885  1999  1885  1999  1885  1999  1885  1999              1890  1999  1885  1999  1900  1999  1890  1999
41Piteaa                          6           S         16179       65 32 N  21 29 E     1890  1999                                                                                      1890  1999  1885  1999
42Haparanda                       5           S         16395       65 49 N  24 08 E     1890  1999  1873  1999  1885  1999  1885  1999  1873  1999  1885  1999  1885  1999  1890  1999  1890  1999  1873  1999  1900  1999  1890  1999
43Kvikkjokk                      337          S         16798       66 57 N  17 44 E     1890  1999                                                                                      1890  1999
44Tjaamotis                      300          S         16897       66 55 N  18 32 E                                                                                                     1909  1997
45Jokkmokk                       260          S         16988       66 37 N  19 38 E     1890  1999  1882  1999  1885  1999  1885  1999  1882  1999  1885  1999  1885  1999              1890  1999  1882  1999  1900  1999  1890  1999
46Kiruna                         442          S         18069       67 49 N  20 20 E                                                                                                     1898  1990
47Abisko                         388          S         18880       68 21 N  18 49 E     1913  1999                                                                                      1913  1999
48Karesuando                     327          S         19283       68 26 N  22 31 E     1890  1999              1885  1999  1885  1999              1885  1999  1885  1999              1890  1999  1885  1999
